32 46 70 98 99 115 134 157 185 190 258 268 280 306 309 323 380 430 471
33 35 171 337 374 379 429 433 463 495
79 349 353
186 369 381 410 461
23 89 93 138 161 169 172 211 234 256 288 291 354 425 473 476 496
77 151 195 216 217 274 311 331 412 446 462 492
29 209
5 26 27 30 31 34 45 48 54 62 82 88 109 113 125 129 135 141 142 167 196 263 270 275 281 308 327 343 365 394 395 404 415 421 432 436
15 166 285 457 467
16 69 100 174 225 239 250 271 272 376 434 439 488
4 12 73 78 187 212 348 391 478
144 200 203 298 329 336 445 451 468
131 137 156 168 175 257 314 316 324 448 486
43 91 148 155 164 177 193 194 207 233 262 269 303 317 345 350 358 361 402 419 440 470 483
22 44 114 245 289 481
25 52 53 92 111 140 165 229 244 261 265 330 339 396 398 401 442 466
56 65 86 119 173 182 235 325 328 360 405 406 480
218 246 326 385 399 414
76 208 254 264 368 392
37 63 120 139 143 220 223 224 247 313 318 334 347 355 370 372 383 407 435 447 465 469
9 20 55 152 170 204 259 267 408 494 500
1 10 14 17 24 67 112 130 133 146 153 160 180 191 227 230 248 260 294 299 305 346 352 377 387 393 400 416 428 453 460 482 487 491 499
39 80 85 96 199 219 226 397 418 438
40 64 72 74 75 84 108 110 121 132 145 159 279 293 332 335 351 357 373 472 477 498
3 6 59 87 94 104 107 123 162 206 210 252 300 301 307 375 409 427 443 454 464 493
50 118 202 231 255 283 295 423 426 449
18 51 61 81 183 189 213 290 315 322 417 422 444 459 489
102 117 128 163 184 284 287 310 378 420 474
7 28 36 38 57 101 103 105 158 178 188 249 251 277 304 321 366 382 390 413 450 475
266 411
222 312 320 341 342 364
154 197 198 201 242 340 359 388 389 441 479
292 363
8 11 19 21 41 42 47 49 66 68 71 83 90 95 122 124 126 147 181 192 205 214 221 228 232 236 253 273 276 282 296 297 302 338 344 362 367 371 403 431 452 455 456 458
127 149 238 243 484
58 97 215 424
116 286
13 106 237 356 386 485
333 384
437
176 278
150 241 490
2 60 136 179 240 319 497
